{
 "cells": [
  {
   "cell_type": "markdown",
   "metadata": {},
   "source": [
    "# This is due 15 Sep 2024"
   ]
  },
  {
   "cell_type": "markdown",
   "metadata": {},
   "source": [
    "Industry_Portfolios.xlsx contains monthly nominal (net) returns (expressed as percentages) for ten industry portfolios, over the ten-year period from Jan 2004 through Dec 2013.\n",
    "\n",
    "Use these returns to estimate the vector of mean returns and the covariance matrix of returns for the ten industry portfolios:\n",
    "\n",
    "1.) Create a table showing the mean return and standard deviation of return for the ten industry portfolios.\n",
    "\n",
    "2.) Plot the minimum-variance frontier (without the riskless asset) generated by the ten industry portfolios:\n",
    "\n",
    "3.) This graph must have expected (monthly) return on the vertical axis vs standard deviation of (monthly) return on the horizontal axis.\n",
    "\n",
    "4.) This graph must cover the range from 0% to 2% on the vertical axis, in increments of 0.1% (or less).\n",
    "\n",
    "5.) Briefly explain the economic significance and relevance of the minimum-variance frontier to an investor.\n",
    "\n",
    "6.) Now suppose that the (net) risk-free rate is 0.13% per month:\n",
    "\n",
    "7.) Plot the efficient frontier (with the riskless asset) on the same graph as the minimum-variance frontier generated by the ten industry portfolios.\n",
    "\n",
    "8.) Briefly explain the economic significance and relevance of the efficient frontier to an investor.\n",
    "\n",
    "The two frontiers will intersect at single point: the tangency portfolio:\n",
    "\n",
    "9.) Calculate the Sharpe ratio for the tangency portfolio, and also the tangency portfolio weights for the ten industry portfolios.\n",
    "\n",
    "10.) Briefly explain the economic significance and relevance of the tangency portfolio to an investor."
   ]
  },
  {
   "cell_type": "markdown",
   "metadata": {},
   "source": [
    "https://numpy.org/doc/stable/reference/generated/numpy.dot.html\n",
    "\n",
    "https://numpy.org/doc/stable/reference/generated/numpy.linalg.inv.html\n",
    "\n"
   ]
  },
  {
   "cell_type": "code",
   "execution_count": 2,
   "metadata": {},
   "outputs": [],
   "source": [
    "import matplotlib.pyplot as plt\n",
    "import numpy as np\n",
    "import pandas as pd\n",
    "import seaborn as sns\n",
    "\n",
    "# Datetime\n",
    "import datetime as dt\n",
    "from datetime import datetime\n",
    "from datetime import timedelta\n",
    "\n",
    "# Portfolio optimization\n",
    "from pypfopt.discrete_allocation import DiscreteAllocation, get_latest_prices\n",
    "from pypfopt import EfficientFrontier\n",
    "from pypfopt import risk_models\n",
    "from pypfopt import expected_returns"
   ]
  },
  {
   "cell_type": "markdown",
   "metadata": {},
   "source": [
    "# Sample Code"
   ]
  },
  {
   "cell_type": "code",
   "execution_count": 3,
   "metadata": {},
   "outputs": [
    {
     "name": "stderr",
     "output_type": "stream",
     "text": [
      "/Users/benny/Desktop/Projects/.venv/lib/python3.10/site-packages/openpyxl/worksheet/_reader.py:329: UserWarning: Unknown extension is not supported and will be removed\n",
      "  warn(msg)\n"
     ]
    }
   ],
   "source": [
    "df = pd.read_excel('Industry_Portfolios.xlsx', index_col=0)"
   ]
  },
  {
   "cell_type": "code",
   "execution_count": 4,
   "metadata": {},
   "outputs": [
    {
     "data": {
      "text/html": [
       "<div>\n",
       "<style scoped>\n",
       "    .dataframe tbody tr th:only-of-type {\n",
       "        vertical-align: middle;\n",
       "    }\n",
       "\n",
       "    .dataframe tbody tr th {\n",
       "        vertical-align: top;\n",
       "    }\n",
       "\n",
       "    .dataframe thead th {\n",
       "        text-align: right;\n",
       "    }\n",
       "</style>\n",
       "<table border=\"1\" class=\"dataframe\">\n",
       "  <thead>\n",
       "    <tr style=\"text-align: right;\">\n",
       "      <th></th>\n",
       "      <th>NoDur</th>\n",
       "      <th>Durbl</th>\n",
       "      <th>Manuf</th>\n",
       "      <th>Enrgy</th>\n",
       "      <th>HiTec</th>\n",
       "      <th>Telcm</th>\n",
       "      <th>Shops</th>\n",
       "      <th>Hlth</th>\n",
       "      <th>Utils</th>\n",
       "      <th>Other</th>\n",
       "    </tr>\n",
       "    <tr>\n",
       "      <th>Date</th>\n",
       "      <th></th>\n",
       "      <th></th>\n",
       "      <th></th>\n",
       "      <th></th>\n",
       "      <th></th>\n",
       "      <th></th>\n",
       "      <th></th>\n",
       "      <th></th>\n",
       "      <th></th>\n",
       "      <th></th>\n",
       "    </tr>\n",
       "  </thead>\n",
       "  <tbody>\n",
       "    <tr>\n",
       "      <th>200401</th>\n",
       "      <td>0.06</td>\n",
       "      <td>-1.07</td>\n",
       "      <td>-0.62</td>\n",
       "      <td>0.44</td>\n",
       "      <td>4.53</td>\n",
       "      <td>1.41</td>\n",
       "      <td>0.45</td>\n",
       "      <td>3.09</td>\n",
       "      <td>1.92</td>\n",
       "      <td>2.88</td>\n",
       "    </tr>\n",
       "    <tr>\n",
       "      <th>200402</th>\n",
       "      <td>4.25</td>\n",
       "      <td>-0.07</td>\n",
       "      <td>1.95</td>\n",
       "      <td>4.69</td>\n",
       "      <td>-2.92</td>\n",
       "      <td>-0.52</td>\n",
       "      <td>6.09</td>\n",
       "      <td>0.89</td>\n",
       "      <td>2.07</td>\n",
       "      <td>2.16</td>\n",
       "    </tr>\n",
       "    <tr>\n",
       "      <th>200403</th>\n",
       "      <td>-0.09</td>\n",
       "      <td>-1.15</td>\n",
       "      <td>-0.27</td>\n",
       "      <td>-0.13</td>\n",
       "      <td>-2.55</td>\n",
       "      <td>-2.07</td>\n",
       "      <td>0.29</td>\n",
       "      <td>-3.96</td>\n",
       "      <td>1.13</td>\n",
       "      <td>-0.63</td>\n",
       "    </tr>\n",
       "    <tr>\n",
       "      <th>200404</th>\n",
       "      <td>1.42</td>\n",
       "      <td>2.30</td>\n",
       "      <td>-0.17</td>\n",
       "      <td>2.52</td>\n",
       "      <td>-4.91</td>\n",
       "      <td>-0.48</td>\n",
       "      <td>-2.70</td>\n",
       "      <td>3.54</td>\n",
       "      <td>-3.55</td>\n",
       "      <td>-3.76</td>\n",
       "    </tr>\n",
       "    <tr>\n",
       "      <th>200405</th>\n",
       "      <td>-1.89</td>\n",
       "      <td>-1.64</td>\n",
       "      <td>1.61</td>\n",
       "      <td>0.39</td>\n",
       "      <td>4.85</td>\n",
       "      <td>-2.95</td>\n",
       "      <td>0.30</td>\n",
       "      <td>-0.42</td>\n",
       "      <td>1.28</td>\n",
       "      <td>1.86</td>\n",
       "    </tr>\n",
       "    <tr>\n",
       "      <th>...</th>\n",
       "      <td>...</td>\n",
       "      <td>...</td>\n",
       "      <td>...</td>\n",
       "      <td>...</td>\n",
       "      <td>...</td>\n",
       "      <td>...</td>\n",
       "      <td>...</td>\n",
       "      <td>...</td>\n",
       "      <td>...</td>\n",
       "      <td>...</td>\n",
       "    </tr>\n",
       "    <tr>\n",
       "      <th>201308</th>\n",
       "      <td>-4.00</td>\n",
       "      <td>-1.00</td>\n",
       "      <td>-1.95</td>\n",
       "      <td>-1.83</td>\n",
       "      <td>-0.12</td>\n",
       "      <td>-3.28</td>\n",
       "      <td>-4.21</td>\n",
       "      <td>-3.49</td>\n",
       "      <td>-4.43</td>\n",
       "      <td>-3.66</td>\n",
       "    </tr>\n",
       "    <tr>\n",
       "      <th>201309</th>\n",
       "      <td>1.94</td>\n",
       "      <td>6.46</td>\n",
       "      <td>5.20</td>\n",
       "      <td>2.03</td>\n",
       "      <td>3.77</td>\n",
       "      <td>4.33</td>\n",
       "      <td>4.46</td>\n",
       "      <td>4.19</td>\n",
       "      <td>1.05</td>\n",
       "      <td>3.83</td>\n",
       "    </tr>\n",
       "    <tr>\n",
       "      <th>201310</th>\n",
       "      <td>4.75</td>\n",
       "      <td>0.72</td>\n",
       "      <td>4.56</td>\n",
       "      <td>4.86</td>\n",
       "      <td>3.80</td>\n",
       "      <td>5.52</td>\n",
       "      <td>5.08</td>\n",
       "      <td>3.47</td>\n",
       "      <td>3.35</td>\n",
       "      <td>3.87</td>\n",
       "    </tr>\n",
       "    <tr>\n",
       "      <th>201311</th>\n",
       "      <td>1.29</td>\n",
       "      <td>1.81</td>\n",
       "      <td>2.95</td>\n",
       "      <td>0.85</td>\n",
       "      <td>3.65</td>\n",
       "      <td>0.27</td>\n",
       "      <td>3.67</td>\n",
       "      <td>4.54</td>\n",
       "      <td>-1.81</td>\n",
       "      <td>4.74</td>\n",
       "    </tr>\n",
       "    <tr>\n",
       "      <th>201312</th>\n",
       "      <td>2.65</td>\n",
       "      <td>1.18</td>\n",
       "      <td>3.13</td>\n",
       "      <td>2.95</td>\n",
       "      <td>4.04</td>\n",
       "      <td>3.96</td>\n",
       "      <td>0.20</td>\n",
       "      <td>0.71</td>\n",
       "      <td>1.79</td>\n",
       "      <td>3.11</td>\n",
       "    </tr>\n",
       "  </tbody>\n",
       "</table>\n",
       "<p>120 rows × 10 columns</p>\n",
       "</div>"
      ],
      "text/plain": [
       "        NoDur  Durbl  Manuf  Enrgy  HiTec  Telcm  Shops  Hlth  Utils  Other\n",
       "Date                                                                       \n",
       "200401   0.06  -1.07  -0.62   0.44   4.53   1.41   0.45  3.09   1.92   2.88\n",
       "200402   4.25  -0.07   1.95   4.69  -2.92  -0.52   6.09  0.89   2.07   2.16\n",
       "200403  -0.09  -1.15  -0.27  -0.13  -2.55  -2.07   0.29 -3.96   1.13  -0.63\n",
       "200404   1.42   2.30  -0.17   2.52  -4.91  -0.48  -2.70  3.54  -3.55  -3.76\n",
       "200405  -1.89  -1.64   1.61   0.39   4.85  -2.95   0.30 -0.42   1.28   1.86\n",
       "...       ...    ...    ...    ...    ...    ...    ...   ...    ...    ...\n",
       "201308  -4.00  -1.00  -1.95  -1.83  -0.12  -3.28  -4.21 -3.49  -4.43  -3.66\n",
       "201309   1.94   6.46   5.20   2.03   3.77   4.33   4.46  4.19   1.05   3.83\n",
       "201310   4.75   0.72   4.56   4.86   3.80   5.52   5.08  3.47   3.35   3.87\n",
       "201311   1.29   1.81   2.95   0.85   3.65   0.27   3.67  4.54  -1.81   4.74\n",
       "201312   2.65   1.18   3.13   2.95   4.04   3.96   0.20  0.71   1.79   3.11\n",
       "\n",
       "[120 rows x 10 columns]"
      ]
     },
     "execution_count": 4,
     "metadata": {},
     "output_type": "execute_result"
    }
   ],
   "source": [
    "df"
   ]
  },
  {
   "cell_type": "code",
   "execution_count": 5,
   "metadata": {},
   "outputs": [
    {
     "data": {
      "text/html": [
       "<div>\n",
       "<style scoped>\n",
       "    .dataframe tbody tr th:only-of-type {\n",
       "        vertical-align: middle;\n",
       "    }\n",
       "\n",
       "    .dataframe tbody tr th {\n",
       "        vertical-align: top;\n",
       "    }\n",
       "\n",
       "    .dataframe thead th {\n",
       "        text-align: right;\n",
       "    }\n",
       "</style>\n",
       "<table border=\"1\" class=\"dataframe\">\n",
       "  <thead>\n",
       "    <tr style=\"text-align: right;\">\n",
       "      <th></th>\n",
       "      <th>mean_return</th>\n",
       "      <th>std_return</th>\n",
       "    </tr>\n",
       "  </thead>\n",
       "  <tbody>\n",
       "    <tr>\n",
       "      <th>NoDur</th>\n",
       "      <td>0.902833</td>\n",
       "      <td>3.345657</td>\n",
       "    </tr>\n",
       "    <tr>\n",
       "      <th>Durbl</th>\n",
       "      <td>0.733333</td>\n",
       "      <td>8.361852</td>\n",
       "    </tr>\n",
       "    <tr>\n",
       "      <th>Manuf</th>\n",
       "      <td>1.012833</td>\n",
       "      <td>5.310270</td>\n",
       "    </tr>\n",
       "    <tr>\n",
       "      <th>Enrgy</th>\n",
       "      <td>1.231167</td>\n",
       "      <td>6.081524</td>\n",
       "    </tr>\n",
       "    <tr>\n",
       "      <th>HiTec</th>\n",
       "      <td>0.766250</td>\n",
       "      <td>5.381191</td>\n",
       "    </tr>\n",
       "    <tr>\n",
       "      <th>Telcm</th>\n",
       "      <td>0.881417</td>\n",
       "      <td>4.448284</td>\n",
       "    </tr>\n",
       "    <tr>\n",
       "      <th>Shops</th>\n",
       "      <td>0.916333</td>\n",
       "      <td>4.093786</td>\n",
       "    </tr>\n",
       "    <tr>\n",
       "      <th>Hlth</th>\n",
       "      <td>0.783833</td>\n",
       "      <td>3.787172</td>\n",
       "    </tr>\n",
       "    <tr>\n",
       "      <th>Utils</th>\n",
       "      <td>0.907167</td>\n",
       "      <td>3.701763</td>\n",
       "    </tr>\n",
       "    <tr>\n",
       "      <th>Other</th>\n",
       "      <td>0.489083</td>\n",
       "      <td>5.582452</td>\n",
       "    </tr>\n",
       "  </tbody>\n",
       "</table>\n",
       "</div>"
      ],
      "text/plain": [
       "       mean_return  std_return\n",
       "NoDur     0.902833    3.345657\n",
       "Durbl     0.733333    8.361852\n",
       "Manuf     1.012833    5.310270\n",
       "Enrgy     1.231167    6.081524\n",
       "HiTec     0.766250    5.381191\n",
       "Telcm     0.881417    4.448284\n",
       "Shops     0.916333    4.093786\n",
       "Hlth      0.783833    3.787172\n",
       "Utils     0.907167    3.701763\n",
       "Other     0.489083    5.582452"
      ]
     },
     "execution_count": 5,
     "metadata": {},
     "output_type": "execute_result"
    }
   ],
   "source": [
    "mean_std = pd.DataFrame({\"mean_return\":df.mean(),\"std_return\":df.std()})\n",
    "mean_std"
   ]
  },
  {
   "cell_type": "code",
   "execution_count": 6,
   "metadata": {},
   "outputs": [],
   "source": [
    "#1.calculate n*n covariance maxix of return\n",
    "V = df.cov()\n",
    "V_inv = pd.DataFrame(np.linalg.inv(V), columns=V.columns, index=V.index)\n",
    "R = mean_std[\"mean_return\"]\n",
    "e = pd.Series([1]*len(V))\n",
    "e.index = R.index"
   ]
  },
  {
   "cell_type": "code",
   "execution_count": 7,
   "metadata": {},
   "outputs": [
    {
     "data": {
      "text/html": [
       "<div>\n",
       "<style scoped>\n",
       "    .dataframe tbody tr th:only-of-type {\n",
       "        vertical-align: middle;\n",
       "    }\n",
       "\n",
       "    .dataframe tbody tr th {\n",
       "        vertical-align: top;\n",
       "    }\n",
       "\n",
       "    .dataframe thead th {\n",
       "        text-align: right;\n",
       "    }\n",
       "</style>\n",
       "<table border=\"1\" class=\"dataframe\">\n",
       "  <thead>\n",
       "    <tr style=\"text-align: right;\">\n",
       "      <th></th>\n",
       "      <th>NoDur</th>\n",
       "      <th>Durbl</th>\n",
       "      <th>Manuf</th>\n",
       "      <th>Enrgy</th>\n",
       "      <th>HiTec</th>\n",
       "      <th>Telcm</th>\n",
       "      <th>Shops</th>\n",
       "      <th>Hlth</th>\n",
       "      <th>Utils</th>\n",
       "      <th>Other</th>\n",
       "    </tr>\n",
       "  </thead>\n",
       "  <tbody>\n",
       "    <tr>\n",
       "      <th>NoDur</th>\n",
       "      <td>11.193422</td>\n",
       "      <td>18.449666</td>\n",
       "      <td>14.104907</td>\n",
       "      <td>10.531341</td>\n",
       "      <td>12.922949</td>\n",
       "      <td>11.968078</td>\n",
       "      <td>10.170832</td>\n",
       "      <td>9.953112</td>\n",
       "      <td>7.866653</td>\n",
       "      <td>14.438409</td>\n",
       "    </tr>\n",
       "    <tr>\n",
       "      <th>Durbl</th>\n",
       "      <td>18.449666</td>\n",
       "      <td>69.920577</td>\n",
       "      <td>39.178097</td>\n",
       "      <td>27.019794</td>\n",
       "      <td>35.466652</td>\n",
       "      <td>27.490543</td>\n",
       "      <td>27.444731</td>\n",
       "      <td>16.824003</td>\n",
       "      <td>12.746136</td>\n",
       "      <td>39.361987</td>\n",
       "    </tr>\n",
       "    <tr>\n",
       "      <th>Manuf</th>\n",
       "      <td>14.104907</td>\n",
       "      <td>39.178097</td>\n",
       "      <td>28.198970</td>\n",
       "      <td>23.145380</td>\n",
       "      <td>24.618739</td>\n",
       "      <td>19.550150</td>\n",
       "      <td>17.622867</td>\n",
       "      <td>13.596447</td>\n",
       "      <td>11.440612</td>\n",
       "      <td>26.313423</td>\n",
       "    </tr>\n",
       "    <tr>\n",
       "      <th>Enrgy</th>\n",
       "      <td>10.531341</td>\n",
       "      <td>27.019794</td>\n",
       "      <td>23.145380</td>\n",
       "      <td>36.984933</td>\n",
       "      <td>19.267276</td>\n",
       "      <td>15.366817</td>\n",
       "      <td>11.297800</td>\n",
       "      <td>9.630327</td>\n",
       "      <td>14.027168</td>\n",
       "      <td>18.320469</td>\n",
       "    </tr>\n",
       "    <tr>\n",
       "      <th>HiTec</th>\n",
       "      <td>12.922949</td>\n",
       "      <td>35.466652</td>\n",
       "      <td>24.618739</td>\n",
       "      <td>19.267276</td>\n",
       "      <td>28.957220</td>\n",
       "      <td>18.708273</td>\n",
       "      <td>17.837115</td>\n",
       "      <td>13.254064</td>\n",
       "      <td>10.304187</td>\n",
       "      <td>23.855470</td>\n",
       "    </tr>\n",
       "    <tr>\n",
       "      <th>Telcm</th>\n",
       "      <td>11.968078</td>\n",
       "      <td>27.490543</td>\n",
       "      <td>19.550150</td>\n",
       "      <td>15.366817</td>\n",
       "      <td>18.708273</td>\n",
       "      <td>19.787227</td>\n",
       "      <td>14.169356</td>\n",
       "      <td>11.506599</td>\n",
       "      <td>10.991596</td>\n",
       "      <td>19.610836</td>\n",
       "    </tr>\n",
       "    <tr>\n",
       "      <th>Shops</th>\n",
       "      <td>10.170832</td>\n",
       "      <td>27.444731</td>\n",
       "      <td>17.622867</td>\n",
       "      <td>11.297800</td>\n",
       "      <td>17.837115</td>\n",
       "      <td>14.169356</td>\n",
       "      <td>16.759084</td>\n",
       "      <td>10.178849</td>\n",
       "      <td>6.694350</td>\n",
       "      <td>19.226524</td>\n",
       "    </tr>\n",
       "    <tr>\n",
       "      <th>Hlth</th>\n",
       "      <td>9.953112</td>\n",
       "      <td>16.824003</td>\n",
       "      <td>13.596447</td>\n",
       "      <td>9.630327</td>\n",
       "      <td>13.254064</td>\n",
       "      <td>11.506599</td>\n",
       "      <td>10.178849</td>\n",
       "      <td>14.342669</td>\n",
       "      <td>7.475036</td>\n",
       "      <td>14.864553</td>\n",
       "    </tr>\n",
       "    <tr>\n",
       "      <th>Utils</th>\n",
       "      <td>7.866653</td>\n",
       "      <td>12.746136</td>\n",
       "      <td>11.440612</td>\n",
       "      <td>14.027168</td>\n",
       "      <td>10.304187</td>\n",
       "      <td>10.991596</td>\n",
       "      <td>6.694350</td>\n",
       "      <td>7.475036</td>\n",
       "      <td>13.703052</td>\n",
       "      <td>9.992960</td>\n",
       "    </tr>\n",
       "    <tr>\n",
       "      <th>Other</th>\n",
       "      <td>14.438409</td>\n",
       "      <td>39.361987</td>\n",
       "      <td>26.313423</td>\n",
       "      <td>18.320469</td>\n",
       "      <td>23.855470</td>\n",
       "      <td>19.610836</td>\n",
       "      <td>19.226524</td>\n",
       "      <td>14.864553</td>\n",
       "      <td>9.992960</td>\n",
       "      <td>31.163771</td>\n",
       "    </tr>\n",
       "  </tbody>\n",
       "</table>\n",
       "</div>"
      ],
      "text/plain": [
       "           NoDur      Durbl      Manuf      Enrgy      HiTec      Telcm  \\\n",
       "NoDur  11.193422  18.449666  14.104907  10.531341  12.922949  11.968078   \n",
       "Durbl  18.449666  69.920577  39.178097  27.019794  35.466652  27.490543   \n",
       "Manuf  14.104907  39.178097  28.198970  23.145380  24.618739  19.550150   \n",
       "Enrgy  10.531341  27.019794  23.145380  36.984933  19.267276  15.366817   \n",
       "HiTec  12.922949  35.466652  24.618739  19.267276  28.957220  18.708273   \n",
       "Telcm  11.968078  27.490543  19.550150  15.366817  18.708273  19.787227   \n",
       "Shops  10.170832  27.444731  17.622867  11.297800  17.837115  14.169356   \n",
       "Hlth    9.953112  16.824003  13.596447   9.630327  13.254064  11.506599   \n",
       "Utils   7.866653  12.746136  11.440612  14.027168  10.304187  10.991596   \n",
       "Other  14.438409  39.361987  26.313423  18.320469  23.855470  19.610836   \n",
       "\n",
       "           Shops       Hlth      Utils      Other  \n",
       "NoDur  10.170832   9.953112   7.866653  14.438409  \n",
       "Durbl  27.444731  16.824003  12.746136  39.361987  \n",
       "Manuf  17.622867  13.596447  11.440612  26.313423  \n",
       "Enrgy  11.297800   9.630327  14.027168  18.320469  \n",
       "HiTec  17.837115  13.254064  10.304187  23.855470  \n",
       "Telcm  14.169356  11.506599  10.991596  19.610836  \n",
       "Shops  16.759084  10.178849   6.694350  19.226524  \n",
       "Hlth   10.178849  14.342669   7.475036  14.864553  \n",
       "Utils   6.694350   7.475036  13.703052   9.992960  \n",
       "Other  19.226524  14.864553   9.992960  31.163771  "
      ]
     },
     "execution_count": 7,
     "metadata": {},
     "output_type": "execute_result"
    }
   ],
   "source": [
    "V"
   ]
  },
  {
   "cell_type": "code",
   "execution_count": 8,
   "metadata": {},
   "outputs": [
    {
     "data": {
      "text/html": [
       "<div>\n",
       "<style scoped>\n",
       "    .dataframe tbody tr th:only-of-type {\n",
       "        vertical-align: middle;\n",
       "    }\n",
       "\n",
       "    .dataframe tbody tr th {\n",
       "        vertical-align: top;\n",
       "    }\n",
       "\n",
       "    .dataframe thead th {\n",
       "        text-align: right;\n",
       "    }\n",
       "</style>\n",
       "<table border=\"1\" class=\"dataframe\">\n",
       "  <thead>\n",
       "    <tr style=\"text-align: right;\">\n",
       "      <th></th>\n",
       "      <th>NoDur</th>\n",
       "      <th>Durbl</th>\n",
       "      <th>Manuf</th>\n",
       "      <th>Enrgy</th>\n",
       "      <th>HiTec</th>\n",
       "      <th>Telcm</th>\n",
       "      <th>Shops</th>\n",
       "      <th>Hlth</th>\n",
       "      <th>Utils</th>\n",
       "      <th>Other</th>\n",
       "    </tr>\n",
       "  </thead>\n",
       "  <tbody>\n",
       "    <tr>\n",
       "      <th>NoDur</th>\n",
       "      <td>0.429876</td>\n",
       "      <td>0.023643</td>\n",
       "      <td>-0.112285</td>\n",
       "      <td>0.024882</td>\n",
       "      <td>0.021094</td>\n",
       "      <td>-0.065760</td>\n",
       "      <td>-0.048818</td>\n",
       "      <td>-0.117872</td>\n",
       "      <td>-0.063023</td>\n",
       "      <td>-0.017062</td>\n",
       "    </tr>\n",
       "    <tr>\n",
       "      <th>Durbl</th>\n",
       "      <td>0.023643</td>\n",
       "      <td>0.090150</td>\n",
       "      <td>-0.111705</td>\n",
       "      <td>0.015757</td>\n",
       "      <td>-0.005553</td>\n",
       "      <td>-0.009380</td>\n",
       "      <td>-0.033053</td>\n",
       "      <td>0.033504</td>\n",
       "      <td>0.009987</td>\n",
       "      <td>-0.028401</td>\n",
       "    </tr>\n",
       "    <tr>\n",
       "      <th>Manuf</th>\n",
       "      <td>-0.112285</td>\n",
       "      <td>-0.111705</td>\n",
       "      <td>0.531457</td>\n",
       "      <td>-0.110817</td>\n",
       "      <td>-0.086167</td>\n",
       "      <td>-0.038411</td>\n",
       "      <td>0.024076</td>\n",
       "      <td>-0.020053</td>\n",
       "      <td>0.012936</td>\n",
       "      <td>-0.109786</td>\n",
       "    </tr>\n",
       "    <tr>\n",
       "      <th>Enrgy</th>\n",
       "      <td>0.024882</td>\n",
       "      <td>0.015757</td>\n",
       "      <td>-0.110817</td>\n",
       "      <td>0.079246</td>\n",
       "      <td>-0.003776</td>\n",
       "      <td>0.011309</td>\n",
       "      <td>0.014901</td>\n",
       "      <td>0.012606</td>\n",
       "      <td>-0.045812</td>\n",
       "      <td>0.010811</td>\n",
       "    </tr>\n",
       "    <tr>\n",
       "      <th>HiTec</th>\n",
       "      <td>0.021094</td>\n",
       "      <td>-0.005553</td>\n",
       "      <td>-0.086167</td>\n",
       "      <td>-0.003776</td>\n",
       "      <td>0.162260</td>\n",
       "      <td>-0.025940</td>\n",
       "      <td>-0.065166</td>\n",
       "      <td>-0.023093</td>\n",
       "      <td>0.000975</td>\n",
       "      <td>0.015239</td>\n",
       "    </tr>\n",
       "    <tr>\n",
       "      <th>Telcm</th>\n",
       "      <td>-0.065760</td>\n",
       "      <td>-0.009380</td>\n",
       "      <td>-0.038411</td>\n",
       "      <td>0.011309</td>\n",
       "      <td>-0.025940</td>\n",
       "      <td>0.249320</td>\n",
       "      <td>-0.045999</td>\n",
       "      <td>-0.001673</td>\n",
       "      <td>-0.079791</td>\n",
       "      <td>-0.014175</td>\n",
       "    </tr>\n",
       "    <tr>\n",
       "      <th>Shops</th>\n",
       "      <td>-0.048818</td>\n",
       "      <td>-0.033053</td>\n",
       "      <td>0.024076</td>\n",
       "      <td>0.014901</td>\n",
       "      <td>-0.065166</td>\n",
       "      <td>-0.045999</td>\n",
       "      <td>0.292320</td>\n",
       "      <td>-0.012069</td>\n",
       "      <td>0.022449</td>\n",
       "      <td>-0.067681</td>\n",
       "    </tr>\n",
       "    <tr>\n",
       "      <th>Hlth</th>\n",
       "      <td>-0.117872</td>\n",
       "      <td>0.033504</td>\n",
       "      <td>-0.020053</td>\n",
       "      <td>0.012606</td>\n",
       "      <td>-0.023093</td>\n",
       "      <td>-0.001673</td>\n",
       "      <td>-0.012069</td>\n",
       "      <td>0.212049</td>\n",
       "      <td>-0.015619</td>\n",
       "      <td>-0.048145</td>\n",
       "    </tr>\n",
       "    <tr>\n",
       "      <th>Utils</th>\n",
       "      <td>-0.063023</td>\n",
       "      <td>0.009987</td>\n",
       "      <td>0.012936</td>\n",
       "      <td>-0.045812</td>\n",
       "      <td>0.000975</td>\n",
       "      <td>-0.079791</td>\n",
       "      <td>0.022449</td>\n",
       "      <td>-0.015619</td>\n",
       "      <td>0.184832</td>\n",
       "      <td>0.016390</td>\n",
       "    </tr>\n",
       "    <tr>\n",
       "      <th>Other</th>\n",
       "      <td>-0.017062</td>\n",
       "      <td>-0.028401</td>\n",
       "      <td>-0.109786</td>\n",
       "      <td>0.010811</td>\n",
       "      <td>0.015239</td>\n",
       "      <td>-0.014175</td>\n",
       "      <td>-0.067681</td>\n",
       "      <td>-0.048145</td>\n",
       "      <td>0.016390</td>\n",
       "      <td>0.218928</td>\n",
       "    </tr>\n",
       "  </tbody>\n",
       "</table>\n",
       "</div>"
      ],
      "text/plain": [
       "          NoDur     Durbl     Manuf     Enrgy     HiTec     Telcm     Shops  \\\n",
       "NoDur  0.429876  0.023643 -0.112285  0.024882  0.021094 -0.065760 -0.048818   \n",
       "Durbl  0.023643  0.090150 -0.111705  0.015757 -0.005553 -0.009380 -0.033053   \n",
       "Manuf -0.112285 -0.111705  0.531457 -0.110817 -0.086167 -0.038411  0.024076   \n",
       "Enrgy  0.024882  0.015757 -0.110817  0.079246 -0.003776  0.011309  0.014901   \n",
       "HiTec  0.021094 -0.005553 -0.086167 -0.003776  0.162260 -0.025940 -0.065166   \n",
       "Telcm -0.065760 -0.009380 -0.038411  0.011309 -0.025940  0.249320 -0.045999   \n",
       "Shops -0.048818 -0.033053  0.024076  0.014901 -0.065166 -0.045999  0.292320   \n",
       "Hlth  -0.117872  0.033504 -0.020053  0.012606 -0.023093 -0.001673 -0.012069   \n",
       "Utils -0.063023  0.009987  0.012936 -0.045812  0.000975 -0.079791  0.022449   \n",
       "Other -0.017062 -0.028401 -0.109786  0.010811  0.015239 -0.014175 -0.067681   \n",
       "\n",
       "           Hlth     Utils     Other  \n",
       "NoDur -0.117872 -0.063023 -0.017062  \n",
       "Durbl  0.033504  0.009987 -0.028401  \n",
       "Manuf -0.020053  0.012936 -0.109786  \n",
       "Enrgy  0.012606 -0.045812  0.010811  \n",
       "HiTec -0.023093  0.000975  0.015239  \n",
       "Telcm -0.001673 -0.079791 -0.014175  \n",
       "Shops -0.012069  0.022449 -0.067681  \n",
       "Hlth   0.212049 -0.015619 -0.048145  \n",
       "Utils -0.015619  0.184832  0.016390  \n",
       "Other -0.048145  0.016390  0.218928  "
      ]
     },
     "execution_count": 8,
     "metadata": {},
     "output_type": "execute_result"
    }
   ],
   "source": [
    "V_inv"
   ]
  },
  {
   "cell_type": "code",
   "execution_count": 9,
   "metadata": {},
   "outputs": [
    {
     "data": {
      "text/plain": [
       "NoDur    0.902833\n",
       "Durbl    0.733333\n",
       "Manuf    1.012833\n",
       "Enrgy    1.231167\n",
       "HiTec    0.766250\n",
       "Telcm    0.881417\n",
       "Shops    0.916333\n",
       "Hlth     0.783833\n",
       "Utils    0.907167\n",
       "Other    0.489083\n",
       "Name: mean_return, dtype: float64"
      ]
     },
     "execution_count": 9,
     "metadata": {},
     "output_type": "execute_result"
    }
   ],
   "source": [
    "R"
   ]
  },
  {
   "cell_type": "code",
   "execution_count": 10,
   "metadata": {},
   "outputs": [
    {
     "data": {
      "text/plain": [
       "NoDur    1\n",
       "Durbl    1\n",
       "Manuf    1\n",
       "Enrgy    1\n",
       "HiTec    1\n",
       "Telcm    1\n",
       "Shops    1\n",
       "Hlth     1\n",
       "Utils    1\n",
       "Other    1\n",
       "dtype: int64"
      ]
     },
     "execution_count": 10,
     "metadata": {},
     "output_type": "execute_result"
    }
   ],
   "source": [
    "e"
   ]
  },
  {
   "cell_type": "code",
   "execution_count": 11,
   "metadata": {},
   "outputs": [],
   "source": [
    "alpha = R.dot(V_inv).dot(e)\n",
    "zeta = R.dot(V_inv).dot(R)\n",
    "delta = e.dot(V_inv).dot(e)\n",
    "R_mv = alpha/delta"
   ]
  },
  {
   "cell_type": "code",
   "execution_count": 12,
   "metadata": {},
   "outputs": [
    {
     "data": {
      "text/plain": [
       "0.1379432386993192"
      ]
     },
     "execution_count": 12,
     "metadata": {},
     "output_type": "execute_result"
    }
   ],
   "source": [
    "alpha"
   ]
  },
  {
   "cell_type": "code",
   "execution_count": 13,
   "metadata": {},
   "outputs": [
    {
     "data": {
      "text/plain": [
       "0.196408584644823"
      ]
     },
     "execution_count": 13,
     "metadata": {},
     "output_type": "execute_result"
    }
   ],
   "source": [
    "zeta"
   ]
  },
  {
   "cell_type": "code",
   "execution_count": 14,
   "metadata": {},
   "outputs": [
    {
     "data": {
      "text/plain": [
       "0.1373875973567121"
      ]
     },
     "execution_count": 14,
     "metadata": {},
     "output_type": "execute_result"
    }
   ],
   "source": [
    "delta"
   ]
  },
  {
   "cell_type": "code",
   "execution_count": 15,
   "metadata": {},
   "outputs": [
    {
     "data": {
      "text/plain": [
       "1.0040443340832612"
      ]
     },
     "execution_count": 15,
     "metadata": {},
     "output_type": "execute_result"
    }
   ],
   "source": [
    "R_mv "
   ]
  },
  {
   "cell_type": "code",
   "execution_count": 16,
   "metadata": {},
   "outputs": [],
   "source": [
    "#R_p from 0% to 2%\n",
    "R_p = np.linspace(0, 2, 100) \n",
    "\n",
    "sigma_p = np.sqrt(1/delta + delta/(zeta*delta-alpha**2)*(R_p-R_mv)**2)"
   ]
  },
  {
   "cell_type": "code",
   "execution_count": 17,
   "metadata": {},
   "outputs": [
    {
     "data": {
